0011000000000000000000000000000000000000000000000000000000000000000000000000100002222222220000000000
2222220000000000000000000000000000000000001111111111111100000000000000000000010002222222222200000000
2011000000000000000000000000000000111111112222222222222111100000000000000000010002222222222220000000
2201000000000000000000000001111111122222222222222222222220111100000000000000011002222222222220001000
2211000000000000000000011111000000002222222222222222222222001110000000000000001002222222222220001100
2210000000000000000001110000000000000112222222222222222222220011111110000000001102222222202200000100
2210000000000000000011000000000000000102222222222222222222220000011111100000000100022022200200000100
2210000000000000000110000000000000001102222222022222222222222000000100111000000110002222220200000100
2210000000000000001100000000000000001002222201111111111111100000000000101100000011000002222200000100
2210000000000000011000000000000000001000000111000000011111111110000000100011000001100000000000000100
2210000000000000010000000000000000001000001100000000000000000011000000100001100000110000000000000100
2212200000222200010000000000000000001000001000000000000000000000110000110000011000011100000000001100
2210220000222220110000000000000000001000001000000000000000000000011000010000001100001110000000001000
2201022200222222100000000000000000001000010000000000000000000000001100011000000110000011000000001000
2001000222222222110000000000000000001000010000000000000000000000000100001000000010000000000000001000
0001100022222222222000000000000000001111110000000000000000000000000110001000000010000000000000011000
0000100020222222222000000000000000000100011000000000000004000000222210001000000010000000000000010000
0000100020222222222000000000000000000100001000000000000000000000222220001000000010000000000000010000
0000110000222202221000000000000000000100001100000000000000000000222210001100000010000000000000010000
0000010000222200001000000000000000000100000100000000000000000000222210000100000010000000000000010000
0000011000000000001100000000000000000100000010000000000000000000000010000100000010000000000000010000
0000001000000000000100000000000000000100000011000000000000000000000010000100000010000000000000010000
0000001100000000000110000000000000000100000000100000000000000000000010000100000010000000000000010000
1000000110000000000011000000000000000100000000111000000000000000000110000000000010000000000000010000
1100000011000000000001100000000000000110000000001100000000000000001100000000000010000000000000010000
0011000001100000000000110000000000000010000000000111110000000000110000000000000010000000000000010000
0001110000110000000000111000000000000010000000000222211111112111102200001000000010000000000000010000
0000011000011100000000001110000000000011000000000222222222222222222000001000000110000000000000010000
0000001000000111000000000111000000000001000000000222222222222222222000010000000100000000000000110000
0000001000000001110000000011100000000000100000002222222222222222220000110000000100000000000000100000
0000001100000000011110000000111000000000111000002222222222222222200001100000001100000000000000100000
0202000110000000000011000000001100000000001111100000000000000000000001000000011000000000000001100000
2222000011000000000000110000000011000000000000110000000000000000001110000000010000000000000001000002
2222000001100000000000011100000000110000000000011110000111111111111000000000110000000000000011000222
2220000000110000000000000111000000011111000000000011111100000000000000000111000000000000000010002222
2220000000011100000000000001110000000001111100000000000000000000000011111100000000000000000010022222
2220000000000110000000000000011100000000000111111111111111111111111110000000000000000000000100022222
2200000000000011100000000000000111100000000000000000000000000000000000000000000000000000001100022222
2200000000000000100000000000000000111111111110000000000000000000000000000000000000000000011000022222
2220000000000000000000000000000000000000000011111111000000000000000000000000000000000000110000020222
2220000000000000000000000000000000000000000000000000111111111000011111111111111111111111100000000222
2220000000000000000000000000000000000000000000000000000000001111110000000000000000000000000000000222
2220000000011111111111111100000000000000000000000000000000000000000000000000000000000000000000000222
2221111111100000000001111111111111111111111111111111111111100000000000000000000000000000000000002222
2220000000000000000000000000000000000000000000000000000000011111111111111111111111111111111111112222
2220000000000000000000000000000000000000000000000000000000000000000000000000000000000011000000000222
0000000000000110000000011111111111111111111111000000000110000000000000000000000000000000000000002220
0000000001111111111111110000000000000000000001111111000011000000000000000000000000000000000000000000
0000000111000000000000000000000000000000000000000001100001000000000000000000000000000000000000000000
0000001100000000000111111111111111111000000000000000100000100000000000000000000000000000000000000000
0000011000000000001100000000000000000111111110000000100000011000000000000000000000000000000000000000
0000010000000000001000000000000000000000000011000000100000001000000000001110001111000000000000000000
0000110000000000001000000000000000000000000000110000100000001000000001111001110000111000000000000000
0000100000000000001000000000000000000000000000011000000000001000000011000000000000000110000000000000
0001100000000000001100000000000000000000000000001000000000011000000100000000000000000011000000000000
0001000000222222222100000000000000000000000000001000000000110000001000000000000000000001100000000000
0011000022222222222100000000000000000000000000001000000001100000011000000000000000000000100000000000
0010002222222222222100000000000000000000000000001000000001000000010000000000000011000000100000000000
0010022222222222222100000000000000000000000000001100000001000000110000000000000011000000110000000000
1110222222222000222100000000000000000000000000000100000001000000100000000000000011100000010000000000
1022222222200000022100000000000000000000000000000100000001000000100000000000000001100000010000000000
2222222200000000022100000000000000000000000000000100000010000001100000000000000001100000010000000000
2222222000000000022100000000003000000000000000000100000010000001000000000000000011100000010000000000
2222200000000000022100000000000000000000000000000100000010000001000000000000000011100000010000000000
2222000000000000022100000000000000000000000000000100000100000001000000000000000111100000010000000000
2220000000000000222100000000000000000000000000000100000100000010000000000000000111100000010000000000
2220000000000000222100000000000000000000000000000100000100000110000000000000000111000000010000000000
2220000000000002220100000000000000000000000000000100000100001100000000000000000101000000010000000000
2220000000000022200100000000000000000000000000000100000110011110000000000000001001000000010000000000
2220000000000222200100000000000000000000000000000120000011110011000000000000011001000000010000000000
2220000000002222200100000000000000000000000000000120000000000001100000000000110001000000010000000000
2222220000222222000100000000000000000000000000000122000000000000110000000000100001000000010002222000
0222022222222220000100000000000000000000000000000102000000000000011100000111000011000000010022222200
0222222222220220000100000000000000000000000000000102200000000000000111111000000010000000010222222220
0022222200222220000122222222222202222222222222222100220000000000000000000000000010000000012222222222
0002222222200000000122222222222222222222222222222110022000000000000000000000000100000000012222222222
0000000000000000200100000000000200000000000000000010002200000000000000000000000100000000012222222222
0000000000000000220100000000000000000000000000000010000222000000000000000000000100000000012222222222
0000000000000002220100000000000000000000000000000010000002200000000000000000001000000000012222222222
0000000000000222220100000000000000000000000000000010000000220000000000000000001000000000010000000000
0000000000002222222100000000000000000000000000000011000000022200000000000000001000000000010000000000
0000000000002222222100000000000000000000000000000001000000000220000000000000010000000000010000000000
0000000000002222222100000000000000000000000000000001000000000020000000000000010000000000010000000000
0000000000002222222100000000000000000000000000000001000000000002000000000000010000000000010000000000
0000000000002222222110000000000000000000000000000001100000000000200000000000010000000000010000000000
0000000000002222222110000000000000000000000000000000100000000000220000000000100000000000010000000000
0000000000002222222110000000000000000000000000000000100000000000022200000000100000000000010000000000
0000000000022222222100000000000000000000000000000000100000000000000220000000100000000000010000000000
0000000002222222222100000000000000000000000000000000100000000000000022000000100000000000010000000000
0000000002222222222110000000000000000000000000000000100000000000000002200000100000000000010000000000
0000000002222222222100000000000000000000000000000000100000000000000000220000100000000000010000000000
0000000002222222221100000000000000000000000000000000100000000000000000022011100000000000010000000000
0000000002222222221000000000000000000000000000000000100000000000000000002221000000000000011000000000
0000000002222222221000000000000000000000000000000000110000000000000000000021000000000000001000000000
0000000002222222221000000000000000000000000000000000010000000000000000000012200000000000000100000000
0000000002222222221000000000000000000000000000000000010000000000000000000010222000000000000111000000
0000000022222222222220000000000000000000000000000000010000001111111111100010002200000000000001110000
0000000000022222222220000000000000000000000000000000011111111000000000111110000222200000000000000000
0000000000000000000000000000000000000000000000000000022222222222222000000000000000220000000000000000
0000000002222222222220000000000000000000000000000000222222222222222000000000000000022200000000000000